data/T_data20221229_0600+00000.asc
ncols        240
nrows        168
xllcorner    15.288
yllcorner    45.0803
cellsize     0.035701
NODATA_value  -9999
[rows 81 to 107 of 168, columns 122 to 182 of 240]
-0.888336 -0.923218 -0.937408 -0.93161 -0.911804 -0.879608 -0.832153 -0.784637 -0.745819 -0.710754 -0.684723 -0.676147 -0.674377 -0.658295 -0.621552 -0.578522 -0.542816 -0.511444 -0.484924 -0.464508 -0.471497 -0.466949 -0.483124 -0.514038 -0.537048 -0.543182 -0.541595 -0.539032 -0.539459 -0.533478 -0.508942 -0.462921 -0.415985 -0.38678 -0.369324 -0.353241 -0.334351 -0.314758 -0.28891 -0.252289 -0.210052 -0.168793 -0.119354 -0.078156 -0.100555 -0.138428 -0.178589 -0.190155 -0.184723 -0.195618 -0.251373 -0.331024 -0.384735 -0.38504 -0.363831 -0.362305 -0.392853 -0.415497 -0.391083 -0.324554 -0.244537
-0.813477 -0.848053 -0.864899 -0.864716 -0.851868 -0.826996 -0.787781 -0.747955 -0.716034 -0.687347 -0.664612 -0.654327 -0.648285 -0.62851 -0.588593 -0.542328 -0.503326 -0.468414 -0.439301 -0.441864 -0.426025 -0.423309 -0.445465 -0.485565 -0.515167 -0.522308 -0.518707 -0.513031 -0.507935 -0.496979 -0.472809 -0.431641 -0.391907 -0.371826 -0.366577 -0.361786 -0.350677 -0.336792 -0.313873 -0.278778 -0.234619 -0.183258 -0.111237 -0.061005 -0.045624 -0.070587 -0.10788 -0.133636 -0.156921 -0.197113 -0.279327 -0.385986 -0.451233 -0.438934 -0.388519 -0.348511 -0.325928 -0.295624 -0.239044 -0.158325 -0.153748
-0.751801 -0.785004 -0.803131 -0.806763 -0.799103 -0.780182 -0.748138 -0.714935 -0.688507 -0.664551 -0.643341 -0.629059 -0.616241 -0.591217 -0.547852 -0.498566 -0.456512 -0.418121 -0.386627 -0.394409 -0.380219 -0.380402 -0.406799 -0.45282 -0.486786 -0.494934 -0.490234 -0.481812 -0.470428 -0.453552 -0.429352 -0.393738 -0.361755 -0.350311 -0.356262 -0.361542 -0.356842 -0.347198 -0.326447 -0.292206 -0.246307 -0.187805 -0.100464 -0.029388 0.002106 -0.010681 -0.044067 -0.080841 -0.127716 -0.191406 -0.29184 -0.41629 -0.489349 -0.469421 -0.399628 -0.330933 -0.266174 -0.192352 -0.107635 -0.01236 0.017365
-0.707397 -0.737488 -0.754791 -0.759644 -0.754608 -0.739716 -0.713501 -0.685272 -0.661957 -0.639801 -0.616974 -0.595093 -0.571564 -0.538788 -0.491699 -0.440125 -0.395416 -0.353729 -0.357635 -0.337891 -0.328796 -0.333893 -0.362183 -0.408905 -0.443878 -0.454163 -0.451447 -0.441986 -0.423889 -0.399689 -0.374664 -0.344604 -0.320526 -0.316681 -0.331757 -0.345337 -0.345306 -0.338013 -0.318359 -0.284454 -0.237793 -0.176941 -0.0849 -0.003876 0.037598 0.033173 0.003571 -0.037933 -0.096771 -0.171356 -0.276031 -0.403168 -0.477509 -0.457977 -0.385223 -0.303802 -0.213898 -0.110748 -0.00293 0.110504 0.161896
-0.678802 -0.703827 -0.71817 -0.721893 -0.717255 -0.704865 -0.683563 -0.659332 -0.63739 -0.61499 -0.588165 -0.555267 -0.517242 -0.474182 -0.423004 -0.36972 -0.322876 -0.278046 -0.283142 -0.267548 -0.268524 -0.281891 -0.309662 -0.350922 -0.382751 -0.396393 -0.399078 -0.390533 -0.364838 -0.331512 -0.305817 -0.284149 -0.271149 -0.276428 -0.301178 -0.322845 -0.326141 -0.318604 -0.298462 -0.265015 -0.218811 -0.158813 -0.076752 0.014954 0.06073 0.061584 0.036255 -0.004059 -0.06424 -0.138367 -0.234955 -0.351105 -0.420776 -0.408966 -0.348145 -0.268097 -0.166138 -0.04422 0.082977 0.217072 0.300293
-0.661865 -0.681488 -0.692047 -0.693237 -0.687408 -0.676147 -0.658539 -0.637299 -0.615753 -0.592316 -0.560944 -0.516693 -0.463959 -0.410522 -0.355316 -0.30069 -0.252136 -0.238861 -0.203857 -0.193634 -0.206909 -0.230103 -0.2565 -0.28949 -0.315948 -0.332794 -0.34201 -0.335205 -0.301727 -0.25882 -0.23175 -0.218414 -0.21637 -0.230042 -0.263214 -0.291809 -0.297821 -0.289886 -0.269226 -0.235992 -0.190094 -0.132324 -0.058441 0.030121 0.076569 0.080994 0.060242 0.023773 -0.033112 -0.101654 -0.184631 -0.282745 -0.343964 -0.342377 -0.300079 -0.228729 -0.122345 0.011078 0.152161 0.266174 0.421997
-0.652496 -0.668732 -0.676361 -0.67453 -0.666412 -0.654877 -0.638947 -0.619141 -0.597443 -0.573151 -0.538483 -0.486298 -0.423126 -0.362152 -0.303864 -0.247925 -0.197906 -0.170227 -0.13446 -0.128876 -0.153351 -0.185516 -0.210846 -0.23642 -0.257568 -0.276459 -0.290497 -0.284637 -0.244354 -0.192474 -0.162689 -0.154083 -0.158936 -0.177704 -0.215668 -0.24884 -0.257935 -0.251892 -0.232635 -0.199158 -0.152252 -0.096375 -0.034302 0.047211 0.091553 0.09787 0.080658 0.04718 -0.007507 -0.071564 -0.141968 -0.22229 -0.2742 -0.280243 -0.253632 -0.191315 -0.083313 0.05661 0.203827 0.338684 0.508087
-0.652863 -0.669769 -0.676178 -0.670624 -0.658173 -0.643799 -0.625977 -0.604767 -0.582336 -0.558197 -0.52301 -0.468414 -0.401794 -0.337921 -0.277618 -0.21991 -0.176758 -0.125946 -0.089172 -0.085999 -0.117004 -0.154968 -0.180542 -0.20285 -0.221283 -0.239807 -0.254211 -0.246826 -0.201019 -0.141876 -0.107056 -0.096283 -0.099976 -0.117157 -0.153809 -0.187408 -0.200287 -0.201294 -0.187408 -0.153046 -0.10199 -0.071442 -0.000336 0.070831 0.110138 0.116821 0.101501 0.06778 0.009949 -0.055267 -0.117767 -0.183685 -0.226105 -0.233337 -0.213226 -0.155365 -0.046082 0.096008 0.237976 0.377747 0.539886
-0.666046 -0.687531 -0.694061 -0.683319 -0.663879 -0.643646 -0.619965 -0.594208 -0.570282 -0.54715 -0.513763 -0.461365 -0.3974 -0.334564 -0.27301 -0.212921 -0.15979 -0.106873 -0.068481 -0.065552 -0.099396 -0.140594 -0.167389 -0.189941 -0.207245 -0.222687 -0.232666 -0.220398 -0.168915 -0.102814 -0.059631 -0.039581 -0.033844 -0.042633 -0.070953 -0.100403 -0.118164 -0.132111 -0.128693 -0.093231 -0.035217 -0.012909 0.046021 0.101471 0.131744 0.137207 0.12265 0.085663 0.019562 -0.05191 -0.109833 -0.162933 -0.194366 -0.196991 -0.175262 -0.118195 -0.009064 0.130157 0.256287 0.374603 0.499756
-0.683319 -0.710907 -0.718475 -0.702698 -0.675995 -0.649414 -0.618866 -0.587738 -0.561798 -0.539337 -0.50824 -0.460052 -0.401581 -0.341827 -0.279755 -0.21344 -0.158844 -0.103973 -0.063568 -0.059601 -0.093781 -0.135986 -0.164062 -0.188263 -0.205292 -0.216156 -0.219147 -0.200287 -0.143768 -0.071594 -0.01944 0.013184 0.032135 0.034576 0.01712 -0.00647 -0.028687 -0.056641 -0.065155 -0.029144 0.03595 0.05658 0.100922 0.136932 0.154907 0.157257 0.141998 0.100281 0.023895 -0.055786 -0.110962 -0.152222 -0.172455 -0.168488 -0.142426 -0.085449 0.020935 0.153748 0.26181 0.345459 0.4198
-0.689484 -0.722198 -0.731567 -0.713745 -0.683411 -0.653625 -0.619598 -0.58548 -0.5578 -0.534332 -0.503815 -0.45929 -0.406006 -0.349518 -0.28775 -0.221466 -0.165253 -0.10907 -0.067047 -0.061005 -0.092987 -0.133942 -0.162384 -0.188324 -0.205231 -0.211365 -0.207092 -0.181946 -0.122101 -0.046051 0.013458 0.057709 0.089203 0.101654 0.092682 0.07373 0.048767 0.010956 -0.006348 0.029083 0.098633 0.123993 0.155945 0.174866 0.180817 0.177521 0.158447 0.111053 0.025391 -0.061859 -0.115906 -0.148285 -0.15976 -0.151154 -0.122528 -0.067169 0.033905 0.158783 0.259705 0.310333 0.341919
-0.67276 -0.706879 -0.718536 -0.703827 -0.676636 -0.649872 -0.619324 -0.587494 -0.558746 -0.531555 -0.498688 -0.455963 -0.406525 -0.353119 -0.290802 -0.227112 -0.170563 -0.114349 -0.071472 -0.062714 -0.090302 -0.127472 -0.154572 -0.181061 -0.197693 -0.199982 -0.190277 -0.161224 -0.100952 -0.024872 0.037872 0.089355 0.128998 0.146606 0.139832 0.121216 0.096405 0.057953 0.039398 0.073578 0.120636 0.177032 0.20285 0.213165 0.210785 0.198517 0.170227 0.115814 0.024017 -0.067963 -0.122528 -0.150604 -0.158569 -0.150421 -0.124847 -0.075226 0.016205 0.130798 0.2435 0.285797 0.303864
-0.633423 -0.664825 -0.679016 -0.672638 -0.655457 -0.638031 -0.617828 -0.593475 -0.564636 -0.531097 -0.493134 -0.45108 -0.404938 -0.355072 -0.295502 -0.234406 -0.179535 -0.124664 -0.081268 -0.06842 -0.088104 -0.117859 -0.142426 -0.169891 -0.187347 -0.186768 -0.172699 -0.141724 -0.085419 -0.014862 0.046783 0.103241 0.149689 0.169952 0.160675 0.139343 0.117889 0.087769 0.0755 0.108551 0.157867 0.21286 0.239777 0.25177 0.245819 0.220337 0.175903 0.111969 0.016998 -0.07663 -0.147308 -0.166351 -0.16983 -0.159882 -0.1315 -0.073029 0.016113 0.108154 0.22052 0.269623 0.274139
-0.581482 -0.609283 -0.626923 -0.632111 -0.628937 -0.624268 -0.617889 -0.603607 -0.575165 -0.533783 -0.489014 -0.446716 -0.403229 -0.35611 -0.301849 -0.245148 -0.193146 -0.140411 -0.096924 -0.079224 -0.088257 -0.108032 -0.128693 -0.156952 -0.175476 -0.172394 -0.154266 -0.122406 -0.07193 -0.00943 0.048767 0.108673 0.160553 0.182098 0.167938 0.142365 0.125458 0.108063 0.10611 0.138519 0.184906 0.237549 0.280334 0.287598 0.264069 0.210999 0.140839 0.054993 -0.039703 -0.115814 -0.161163 -0.184174 -0.193634 -0.192291 -0.174164 -0.128082 -0.052826 0.033203 0.158722 0.245758 0.26059
-0.527832 -0.555634 -0.578918 -0.59671 -0.608063 -0.616241 -0.623199 -0.618439 -0.590118 -0.540741 -0.488464 -0.444366 -0.402374 -0.357086 -0.306305 -0.25354 -0.204498 -0.15509 -0.113037 -0.091156 -0.089478 -0.098389 -0.1138 -0.140839 -0.158905 -0.153412 -0.132233 -0.099762 -0.054138 0.001678 0.056305 0.117462 0.172058 0.193573 0.174103 0.137543 0.128693 0.130585 0.151093 0.193451 0.233093 0.277557 0.3125 0.325928 0.296387 0.226654 0.141418 0.05014 -0.043915 -0.120483 -0.169281 -0.197113 -0.21225 -0.21759 -0.206512 -0.168213 -0.100922 -0.002106 0.110107 0.242523 0.284729
-0.48056 -0.5159 -0.548553 -0.578522 -0.602448 -0.621368 -0.638763 -0.640961 -0.611725 -0.55426 -0.493683 -0.445099 -0.400757 -0.355652 -0.305298 -0.253632 -0.206665 -0.162079 -0.124084 -0.10025 -0.090118 -0.089386 -0.098175 -0.120056 -0.134369 -0.126099 -0.103424 -0.070526 -0.025787 0.028412 0.111481 0.167755 0.203979 0.201691 0.17276 0.150421 0.146881 0.15683 0.181305 0.207733 0.256683 0.302155 0.34317 0.361511 0.328461 0.247162 0.151093 0.056061 -0.036987 -0.113892 -0.166229 -0.198822 -0.217621 -0.225006 -0.214264 -0.174713 -0.104187 -0.027863 0.10675 0.280518 0.365143
-0.439056 -0.490143 -0.536438 -0.5784 -0.613312 -0.641266 -0.66687 -0.673798 -0.642273 -0.575867 -0.505157 -0.446381 -0.39801 -0.348419 -0.293335 -0.237885 -0.191437 -0.155457 -0.127441 -0.105438 -0.089142 -0.079193 -0.078339 -0.088654 -0.093842 -0.082794 -0.045959 -0.006622 0.045868 0.101349 0.154022 0.201813 0.229828 0.221222 0.187256 0.1633 0.164093 0.181671 0.21048 0.236237 0.282745 0.328278 0.372528 0.39389 0.359039 0.270813 0.167816 0.070679 -0.021027 -0.098145 -0.15451 -0.192596 -0.213409 -0.218079 -0.200653 -0.15033 -0.06488 0.013123 0.175446 0.389923 0.539886
-0.398682 -0.470337 -0.532959 -0.58725 -0.632538 -0.66861 -0.700897 -0.711151 -0.676788 -0.601532 -0.520416 -0.45166 -0.39444 -0.336975 -0.273773 -0.211456 -0.164764 -0.14035 -0.126373 -0.108856 -0.087738 -0.068573 -0.056488 -0.047943 -0.037323 -0.021637 0.001556 0.041656 0.099457 0.158539 0.206635 0.242706 0.259338 0.243073 0.203949 0.177948 0.182007 0.206024 0.2388 0.264557 0.309174 0.35437 0.40036 0.424103 0.389008 0.297272 0.190491 0.092926 0.003296 -0.073608 -0.134247 -0.178284 -0.200653 -0.200439 -0.173004 -0.107941 -0.003052 0.096283 0.291534 0.547516 0.774628
-0.356842 -0.449127 -0.528229 -0.594818 -0.650116 -0.693146 -0.729614 -0.741211 -0.704926 -0.62381 -0.528503 -0.459137 -0.392914 -0.327667 -0.256683 -0.187836 -0.140625 -0.12619 -0.124878 -0.112 -0.074097 -0.049652 -0.028839 -0.00943 0.009003 0.025177 0.046356 0.088043 0.151947 0.215881 0.2612 0.287689 0.29483 0.27243 0.229218 0.200989 0.205963 0.233124 0.253204 0.292542 0.335571 0.380096 0.427032 0.452972 0.42038 0.330322 0.224518 0.128906 0.041901 -0.034393 -0.098206 -0.14743 -0.171448 -0.167511 -0.132507 -0.056519 0.031036 0.190033 0.413422 0.702179 0.997253
-0.310486 -0.42038 -0.514252 -0.593109 -0.658356 -0.706879 -0.743927 -0.754425 -0.718262 -0.63324 -0.542603 -0.46814 -0.396301 -0.326324 -0.251801 -0.180298 -0.132904 -0.122986 -0.121857 -0.103058 -0.07428 -0.044464 -0.015839 0.01236 0.037018 0.056091 0.078949 0.123993 0.193512 0.262695 0.309479 0.333832 0.338501 0.314667 0.269989 0.239471 0.241821 0.266388 0.28299 0.320648 0.361908 0.405426 0.452545 0.481171 0.455078 0.37439 0.277161 0.187317 0.103485 0.02829 -0.036865 -0.088959 -0.114563 -0.109802 -0.072662 0.005707 0.093475 0.264191 0.500397 0.804626 1.139984
-0.257904 -0.383148 -0.49057 -0.582001 -0.657562 -0.710175 -0.743805 -0.750214 -0.716309 -0.641205 -0.553558 -0.479767 -0.40744 -0.338013 -0.267273 -0.200439 -0.147247 -0.139252 -0.131134 -0.110504 -0.081757 -0.051361 -0.020844 0.010162 0.039459 0.065277 0.095978 0.148346 0.225006 0.301758 0.35611 0.387817 0.398712 0.379059 0.335815 0.302368 0.296173 0.308838 0.314728 0.348572 0.387756 0.429779 0.475922 0.507568 0.493713 0.433777 0.356445 0.278046 0.198212 0.123993 0.059113 0.006073 -0.021027 -0.017273 0.018036 0.091309 0.159149 0.324036 0.552765 0.8479 1.188446
-0.202057 -0.341278 -0.461395 -0.565582 -0.651276 -0.70694 -0.734283 -0.734467 -0.712189 -0.642303 -0.563751 -0.494659 -0.425018 -0.359314 -0.269257 -0.219025 -0.184662 -0.163818 -0.144653 -0.120911 -0.094391 -0.066589 -0.037872 -0.007538 0.025452 0.060577 0.102936 0.165436 0.250397 0.335907 0.401093 0.445312 0.467224 0.455017 0.414825 0.378143 0.360382 0.332611 0.348358 0.376312 0.413208 0.4534 0.497437 0.532074 0.534576 0.504028 0.455444 0.392914 0.31723 0.243317 0.179016 0.125885 0.096741 0.096802 0.125702 0.141571 0.245758 0.39212 0.597076 0.862701 1.183807
-0.149384 -0.299408 -0.429962 -0.545471 -0.640411 -0.698517 -0.718964 -0.724396 -0.695801 -0.637787 -0.571198 -0.508972 -0.413757 -0.357422 -0.307983 -0.263672 -0.224091 -0.188843 -0.157257 -0.130157 -0.106689 -0.082733 -0.057281 -0.029083 0.006561 0.050934 0.105469 0.177704 0.269501 0.362366 0.438019 0.495514 0.529419 0.525177 0.488495 0.449493 0.421783 0.379791 0.383026 0.404785 0.439301 0.477875 0.519989 0.557404 0.575317 0.572906 0.552032 0.504608 0.43222 0.357758 0.29422 0.241608 0.208771 0.199249 0.212952 0.233002 0.31485 0.43399 0.608459 0.84079 1.135895
-0.105804 -0.261566 -0.39859 -0.522766 -0.625397 -0.685425 -0.699982 -0.700897 -0.675751 -0.628723 -0.546143 -0.489227 -0.431854 -0.380646 -0.335907 -0.293427 -0.249146 -0.203766 -0.163605 -0.134277 -0.113251 -0.092255 -0.069427 -0.04306 -0.005524 0.045776 0.109222 0.187714 0.282562 0.378662 0.460785 0.527832 0.570892 0.572754 0.538757 0.499115 0.467499 0.423096 0.417816 0.434906 0.467316 0.504883 0.546631 0.586731 0.614502 0.628998 0.624603 0.585907 0.514771 0.439026 0.376282 0.325043 0.285583 0.256073 0.239105 0.275116 0.326935 0.413727 0.560181 0.77124 1.052277
-0.072723 -0.227875 -0.366699 -0.496796 -0.605652 -0.66684 -0.689667 -0.675171 -0.652496 -0.591156 -0.5448 -0.495605 -0.444244 -0.394073 -0.345123 -0.296844 -0.248322 -0.200409 -0.159149 -0.130463 -0.111542 -0.092957 -0.072479 -0.048187 -0.01059 0.044037 0.111908 0.191742 0.284149 0.378113 0.462616 0.536713 0.587799 0.59494 0.563293 0.525299 0.482147 0.459625 0.45282 0.467529 0.49765 0.534637 0.578278 0.621857 0.652893 0.669556 0.666321 0.627563 0.554932 0.476715 0.414703 0.365326 0.314911 0.250793 0.181488 0.216217 0.222931 0.26712 0.3909 0.6073 0.904846
-0.047211 -0.19693 -0.333862 -0.467743 -0.58139 -0.655945 -0.661713 -0.641388 -0.605865 -0.573181 -0.536896 -0.49826 -0.455109 -0.403839 -0.343781 -0.283142 -0.229675 -0.183777 -0.146271 -0.120697 -0.104706 -0.089203 -0.072052 -0.050964 -0.014771 0.041229 0.111298 0.18985 0.276337 0.364655 0.449249 0.529663 0.588715 0.601105 0.57193 0.536987 0.506195 0.490631 0.488129 0.502502 0.529877 0.566437 0.61377 0.661835 0.691681 0.69989 0.686371 0.640961 0.565033 0.4841 0.423523 0.377777 0.315582 0.209503 0.131409 0.050598 -0.005737 -0.016571 0.088623 0.336182 0.680298
-0.026093 -0.168915 -0.302216 -0.437714 -0.568359 -0.630341 -0.631134 -0.596954 -0.576691 -0.55246 -0.525513 -0.497223 -0.462158 -0.409027 -0.336151 -0.261749 -0.203796 -0.16214 -0.130341 -0.108185 -0.094147 -0.080536 -0.065643 -0.046875 -0.012054 0.044342 0.115082 0.190826 0.27002 0.350861 0.433136 0.516815 0.581329 0.5979 0.571259 0.540131 0.521454 0.516693 0.522064 0.538177 0.563995 0.600708 0.65213 0.704285 0.730438 0.725067 0.69577 0.641083 0.562317 0.480743 0.424622 0.387146 0.320465 0.18222 0.019775 -0.125885 -0.241486 -0.302704 -0.214691 0.062286 0.450836
