data/T_data20221229_0600+00000.asc
ncols        240
nrows        168
xllcorner    15.288
yllcorner    45.0803
cellsize     0.035701
NODATA_value  -9999
[rows 27 to 53 of 168, columns 122 to 182 of 240]
-1.835419 -1.823029 -1.807312 -1.791931 -1.801361 -1.872681 -1.927399 -2.072235 -2.225403 -2.384003 -2.528473 -2.651031 -2.766693 -2.890656 -2.955719 -3.092255 -3.243256 -3.441895 -3.620636 -3.683685 -3.634399 -3.553131 -3.487671 -3.413727 -3.355896 -3.33078 -3.321625 -3.30954 -3.312927 -3.292999 -3.191132 -3.010406 -2.819427 -2.650848 -2.489532 -2.436127 -2.380707 -2.315765 -2.320648 -2.214569 -2.039032 -1.884369 -1.777374 -1.702057 -1.653961 -1.632874 -1.647278 -1.709167 -1.814514 -1.944 -2.093658 -2.253784 -2.397491 -2.520935 -2.60788 -2.636414 -2.569305 -2.467285 -2.362762 -2.249054 -2.14212
-2.009918 -2.00412 -1.999329 -1.997223 -2.018524 -2.094757 -2.109894 -2.251129 -2.391449 -2.531769 -2.664459 -2.786713 -2.900909 -3.004303 -3.096405 -3.140228 -3.239441 -3.371979 -3.495209 -3.554657 -3.556915 -3.530762 -3.484283 -3.410614 -3.349823 -3.32254 -3.310883 -3.302704 -3.315948 -3.312866 -3.237183 -3.091156 -2.936401 -2.809448 -2.69223 -2.598785 -2.481964 -2.466827 -2.423676 -2.295868 -2.114532 -1.957184 -1.84903 -1.774994 -1.728851 -1.710175 -1.725433 -1.784515 -1.883942 -2.004303 -2.139313 -2.283661 -2.422699 -2.557648 -2.66153 -2.672272 -2.618927 -2.499542 -2.385651 -2.280548 -2.181244
-2.213776 -2.209686 -2.208527 -2.210938 -2.235138 -2.201935 -2.323883 -2.455688 -2.579376 -2.698822 -2.815613 -2.930725 -3.036621 -3.116058 -3.167084 -3.187164 -3.237579 -3.310974 -3.384247 -3.436249 -3.476288 -3.492889 -3.463959 -3.395294 -3.336517 -3.311401 -3.301147 -3.297272 -3.314911 -3.321991 -3.270844 -3.163849 -3.046661 -2.948914 -2.855347 -2.76358 -2.670013 -2.602844 -2.511688 -2.363831 -2.180634 -2.023773 -1.915314 -1.842438 -1.799408 -1.785706 -1.804413 -1.861786 -1.954865 -2.065826 -2.186615 -2.315369 -2.447968 -2.590485 -2.708344 -2.726654 -2.609619 -2.544525 -2.421722 -2.317047 -2.215546
-2.431061 -2.419678 -2.409515 -2.40155 -2.414307 -2.392731 -2.505524 -2.628662 -2.745789 -2.859467 -2.967987 -3.071259 -3.160614 -3.215088 -3.232391 -3.241241 -3.248627 -3.285919 -3.329254 -3.369568 -3.415619 -3.444336 -3.427032 -3.372833 -3.327179 -3.313019 -3.3125 -3.314209 -3.326324 -3.330292 -3.298401 -3.235229 -3.155792 -3.063751 -2.953888 -2.83963 -2.733063 -2.676178 -2.558472 -2.4039 -2.227081 -2.076233 -1.969421 -1.897491 -1.858673 -1.853516 -1.879791 -1.937408 -2.023926 -2.125092 -2.2323 -2.3461 -2.470673 -2.616547 -2.745789 -2.778046 -2.668182 -2.540985 -2.477203 -2.35849 -2.235931
-2.729523 -2.702911 -2.672272 -2.640533 -2.521057 -2.571503 -2.668732 -2.782867 -2.903778 -3.028168 -3.136566 -3.221985 -3.284149 -3.310608 -3.300079 -3.283142 -3.278961 -3.302887 -3.336823 -3.362091 -3.382782 -3.39267 -3.381165 -3.351898 -3.331329 -3.336639 -3.353546 -3.361603 -3.357513 -3.344482 -3.326813 -3.314972 -3.276703 -3.170868 -3.007874 -2.846924 -2.738129 -2.62146 -2.555084 -2.407593 -2.247559 -2.109741 -2.006561 -1.934906 -1.902679 -1.913208 -1.954742 -2.016144 -2.095184 -2.184906 -2.278259 -2.377411 -2.49472 -2.64566 -2.789703 -2.811096 -2.747253 -2.630859 -2.492737 -2.334015 -2.250122
-3.034821 -2.99054 -2.93573 -2.758057 -2.730194 -2.755463 -2.831329 -2.933899 -3.061432 -3.202728 -3.313293 -3.37558 -3.402802 -3.398163 -3.362335 -3.324799 -3.322662 -3.333374 -3.367645 -3.375183 -3.3526 -3.325165 -3.31369 -3.312347 -3.321472 -3.349152 -3.386627 -3.401581 -3.377167 -3.341003 -3.333466 -3.373108 -3.376678 -3.25351 -3.029877 -2.817902 -2.702271 -2.584564 -2.460266 -2.390076 -2.253204 -2.133636 -2.03656 -1.965607 -1.940918 -1.96936 -2.028839 -2.095612 -2.167389 -2.245636 -2.325653 -2.410675 -2.518768 -2.668823 -2.820648 -2.868805 -2.832733 -2.733948 -2.578552 -2.370911 -2.170074
-3.262909 -3.204224 -3.129547 -2.960815 -2.905243 -2.90567 -2.960663 -3.051544 -3.184479 -3.340973 -3.452606 -3.491608 -3.484192 -3.450165 -3.392365 -3.337128 -3.325867 -3.35141 -3.367767 -3.354858 -3.284515 -3.213989 -3.195709 -3.215088 -3.248444 -3.295288 -3.35202 -3.375092 -3.335938 -3.281677 -3.281464 -3.361084 -3.400665 -3.273956 -3.016998 -2.777069 -2.650665 -2.539276 -2.428833 -2.312592 -2.259064 -2.159821 -2.071442 -2.003113 -1.984985 -2.027313 -2.100586 -2.171661 -2.237823 -2.306549 -2.375305 -2.447296 -2.541656 -2.67749 -2.818665 -2.893524 -2.879791 -2.797638 -2.62912 -2.380493 -2.141205
-3.334259 -3.269135 -3.157837 -3.069183 -2.995483 -2.979431 -3.020294 -3.102295 -3.236603 -3.400208 -3.509216 -3.528198 -3.492584 -3.43573 -3.362457 -3.293701 -3.27005 -3.283813 -3.274933 -3.256012 -3.140381 -3.026947 -2.992157 -3.01532 -3.058655 -3.11673 -3.189362 -3.222137 -3.178497 -3.11676 -3.121246 -3.220856 -3.285797 -3.182648 -2.948486 -2.756714 -2.613525 -2.511597 -2.415985 -2.322205 -2.238495 -2.162384 -2.123688 -2.061554 -2.048035 -2.094879 -2.171661 -2.243561 -2.30777 -2.37207 -2.434235 -2.496124 -2.570282 -2.669708 -2.768219 -2.854553 -2.84552 -2.77121 -2.597748 -2.331329 -2.077148
-3.25647 -3.230133 -3.147858 -3.055023 -2.976715 -2.955322 -2.99057 -3.06781 -3.200287 -3.363373 -3.465607 -3.466583 -3.408234 -3.337006 -3.260406 -3.188293 -3.152679 -3.146271 -3.109833 -3.074921 -2.911224 -2.749695 -2.685944 -2.694916 -2.733612 -2.79657 -2.884155 -2.929413 -2.89035 -2.830353 -2.838226 -2.94046 -3.021942 -2.968811 -2.812775 -2.700104 -2.584778 -2.500793 -2.42511 -2.355621 -2.295135 -2.238007 -2.175476 -2.156647 -2.147614 -2.190491 -2.260651 -2.331146 -2.399567 -2.466766 -2.528473 -2.583923 -2.629791 -2.664215 -2.723907 -2.740753 -2.714325 -2.637085 -2.466949 -2.208099 -1.966156
-3.113495 -3.121613 -3.043304 -2.95459 -2.880463 -2.861206 -2.896759 -2.972443 -3.101471 -3.25943 -3.352692 -3.33783 -3.261261 -3.181427 -3.108337 -3.038391 -2.991089 -2.960175 -2.891754 -2.733459 -2.627594 -2.417511 -2.319794 -2.306274 -2.333649 -2.398834 -2.501129 -2.562408 -2.537567 -2.490295 -2.50528 -2.602356 -2.694305 -2.700836 -2.645752 -2.621918 -2.552704 -2.494354 -2.442902 -2.3992 -2.361389 -2.324036 -2.279572 -2.252533 -2.260406 -2.293304 -2.349121 -2.414001 -2.486725 -2.557953 -2.619904 -2.66922 -2.68454 -2.64621 -2.622894 -2.573334 -2.515442 -2.429565 -2.268829 -2.034515 -1.823456
-3.052582 -2.994598 -2.922913 -2.839233 -2.769775 -2.754272 -2.792755 -2.868134 -2.991364 -3.139832 -3.223846 -3.200134 -3.114349 -3.026794 -2.947784 -2.868164 -2.800903 -2.741119 -2.642151 -2.453766 -2.212708 -2.092896 -1.971466 -1.939697 -1.957611 -2.024261 -2.138031 -2.217682 -2.220367 -2.203033 -2.234467 -2.326691 -2.423553 -2.478394 -2.507477 -2.545166 -2.52301 -2.489563 -2.459686 -2.437561 -2.417725 -2.396332 -2.367432 -2.348724 -2.35733 -2.37204 -2.408508 -2.462006 -2.532837 -2.602753 -2.660278 -2.700409 -2.689209 -2.592621 -2.501617 -2.38739 -2.297882 -2.203949 -2.057465 -1.856506 -1.684418
-2.982147 -2.932098 -2.864899 -2.779449 -2.706482 -2.690369 -2.731323 -2.805878 -2.918884 -3.051544 -3.126373 -3.106354 -3.026489 -2.927704 -2.815338 -2.693268 -2.585205 -2.488556 -2.363586 -2.168488 -1.934448 -1.759583 -1.699554 -1.664673 -1.681824 -1.750031 -1.868378 -1.967896 -2.019318 -2.059906 -2.123932 -2.215729 -2.308594 -2.382904 -2.453247 -2.495117 -2.502716 -2.484161 -2.466034 -2.455719 -2.445221 -2.431549 -2.410583 -2.39389 -2.391998 -2.399811 -2.4216 -2.445587 -2.50235 -2.558868 -2.601562 -2.625641 -2.595856 -2.474823 -2.364716 -2.212189 -2.104431 -2.009094 -1.881073 -1.716217 -1.58255
-3.012909 -2.973358 -2.906036 -2.806183 -2.715057 -2.690521 -2.733002 -2.805145 -2.899017 -3.00296 -3.065552 -3.066071 -3.014038 -2.898956 -2.71283 -2.499329 -2.31778 -2.169159 -2.020294 -1.846649 -1.667389 -1.539825 -1.496185 -1.475677 -1.501556 -1.571869 -1.686646 -1.808441 -1.935883 -2.070831 -2.187073 -2.279358 -2.354156 -2.416901 -2.441193 -2.486786 -2.497101 -2.480957 -2.464172 -2.454773 -2.44455 -2.430389 -2.410248 -2.389832 -2.372101 -2.352692 -2.344208 -2.362885 -2.380768 -2.409302 -2.425659 -2.426544 -2.385345 -2.373322 -2.201172 -2.047638 -1.939789 -1.850525 -1.745514 -1.620575 -1.525665
-3.108765 -3.082184 -3.011688 -2.888519 -2.768494 -2.729919 -2.773468 -2.842255 -2.910248 -2.975311 -3.022766 -3.055511 -3.047729 -2.914734 -2.628815 -2.29129 -2.014893 -1.80545 -1.634979 -1.502045 -1.409485 -1.356903 -1.342377 -1.344574 -1.384003 -1.455994 -1.560547 -1.702789 -1.917755 -2.164276 -2.341888 -2.434235 -2.483246 -2.518555 -2.492096 -2.506927 -2.502625 -2.480896 -2.458649 -2.442047 -2.425018 -2.404053 -2.379974 -2.351837 -2.314758 -2.265137 -2.222565 -2.205627 -2.204315 -2.194 -2.184967 -2.160675 -2.112244 -2.147247 -2.00766 -1.881378 -1.786652 -1.708282 -1.629761 -1.548889 -1.495392
-3.200897 -3.187408 -3.114807 -2.970551 -2.823669 -2.771149 -2.81424 -2.879669 -2.925873 -2.958588 -2.994446 -3.057953 -3.091949 -2.944244 -2.567871 -2.117188 -1.757172 -1.498413 -1.314758 -1.224762 -1.217041 -1.237946 -1.262604 -1.302948 -1.328644 -1.398956 -1.487396 -1.638611 -1.91983 -2.255035 -2.483093 -2.578125 -2.608368 -2.577911 -2.566742 -2.540344 -2.513458 -2.479614 -2.446075 -2.416412 -2.386993 -2.354828 -2.322845 -2.285034 -2.230042 -2.155273 -2.083771 -2.035278 -2.000122 -1.961945 -1.917969 -1.89389 -1.840668 -1.899445 -1.80542 -1.717499 -1.642181 -1.576965 -1.52417 -1.485138 -1.470612
-3.222076 -3.219513 -3.149963 -2.998627 -2.840332 -2.779907 -2.81955 -2.881927 -2.921692 -2.946747 -2.983002 -3.062531 -3.115479 -2.958466 -2.534363 -2.024567 -1.625122 -1.349762 -1.168915 -1.108917 -1.150848 -1.214325 -1.262543 -1.313324 -1.373474 -1.405212 -1.474243 -1.616364 -1.912506 -2.27417 -2.520599 -2.623566 -2.656219 -2.661743 -2.62384 -2.57016 -2.52359 -2.472839 -2.422791 -2.376404 -2.330994 -2.28479 -2.241974 -2.194153 -2.12735 -2.039673 -1.953461 -1.887115 -1.832245 -1.77774 -1.718506 -1.659149 -1.604614 -1.678772 -1.620941 -1.564575 -1.507172 -1.454895 -1.42337 -1.41684 -1.432892
-3.144379 -3.152527 -3.095673 -2.958435 -2.811401 -2.75116 -2.780853 -2.838226 -2.893188 -2.947754 -3.002777 -3.076691 -3.112213 -2.947052 -2.52771 -2.028503 -1.647705 -1.400024 -1.244659 -1.196747 -1.239746 -1.303101 -1.354584 -1.408051 -1.463531 -1.515747 -1.541138 -1.656464 -1.907257 -2.218842 -2.442352 -2.559113 -2.619995 -2.666748 -2.637756 -2.586731 -2.530334 -2.458679 -2.385437 -2.31665 -2.247742 -2.180878 -2.119843 -2.057617 -1.983948 -1.898438 -1.81546 -1.746368 -1.686493 -1.627045 -1.56131 -1.495453 -1.441437 -1.481232 -1.463318 -1.425568 -1.382324 -1.342773 -1.327576 -1.342682 -1.378784
-2.989838 -3.009308 -2.973236 -2.867249 -2.749725 -2.696198 -2.71051 -2.760834 -2.847504 -2.960785 -3.050323 -3.103668 -3.094482 -2.920776 -2.543549 -2.105621 -1.78595 -1.598053 -1.48526 -1.43924 -1.451691 -1.486206 -1.526886 -1.576813 -1.622955 -1.657104 -1.708954 -1.746246 -1.914581 -2.128876 -2.303375 -2.437378 -2.586456 -2.629547 -2.630646 -2.599335 -2.53772 -2.440399 -2.336945 -2.239166 -2.139496 -2.046143 -1.9617 -1.882233 -1.805389 -1.732819 -1.665558 -1.604095 -1.54837 -1.491394 -1.425079 -1.356384 -1.302704 -1.337402 -1.31189 -1.283966 -1.267181 -1.240997 -1.239349 -1.268585 -1.316925
-2.788757 -2.814606 -2.798981 -2.72998 -2.650482 -2.610016 -2.612671 -2.659119 -2.782257 -2.960449 -3.089325 -3.122437 -3.067413 -2.892609 -2.577667 -2.224884 -1.981232 -1.857971 -1.788605 -1.743835 -1.723236 -1.724182 -1.74704 -1.784607 -1.809814 -1.810913 -1.816956 -1.869965 -1.972809 -2.033356 -2.161285 -2.313507 -2.498444 -2.578766 -2.617462 -2.612152 -2.546417 -2.420105 -2.282501 -2.155365 -2.025543 -1.907074 -1.801025 -1.706787 -1.629364 -1.573242 -1.525665 -1.475128 -1.426331 -1.373871 -1.309326 -1.239563 -1.185272 -1.211456 -1.190216 -1.170807 -1.15036 -1.144928 -1.157867 -1.197296 -1.254028
-2.565674 -2.58551 -2.58075 -2.543182 -2.500427 -2.479828 -2.484955 -2.53775 -2.690948 -2.91629 -3.077301 -3.105316 -3.030914 -2.87384 -2.628448 -2.360992 -2.182373 -2.10141 -2.058502 -2.022644 -1.995972 -1.983704 -1.989777 -2.003082 -1.988068 -1.927643 -1.862671 -1.854095 -1.910583 -2.008789 -2.066071 -2.238007 -2.429596 -2.543091 -2.614105 -2.629913 -2.557495 -2.399567 -2.2276 -2.075745 -1.924591 -1.789215 -1.670929 -1.569885 -1.494446 -1.451111 -1.41803 -1.375092 -1.329498 -1.278503 -1.214264 -1.142883 -1.135895 -1.101837 -1.080475 -1.066284 -1.057098 -1.063782 -1.098969 -1.129974 -1.194885
-2.301178 -2.294403 -2.28476 -2.269684 -2.261932 -2.272186 -2.302765 -2.378815 -2.551392 -2.793732 -2.973724 -3.021851 -2.97348 -2.866699 -2.7034 -2.521637 -2.3909 -2.316803 -2.273224 -2.259125 -2.271271 -2.281464 -2.276367 -2.249786 -2.165558 -1.998291 -1.819885 -1.753571 -1.819214 -1.952179 -2.125854 -2.224701 -2.41803 -2.553345 -2.643036 -2.667633 -2.581512 -2.387115 -2.179321 -2.009033 -1.847595 -1.706421 -1.587463 -1.48999 -1.419098 -1.38266 -1.356628 -1.316864 -1.271362 -1.219391 -1.154297 -1.080811 -1.053131 -1.012695 -0.985077 -0.971283 -0.970184 -0.987183 -1.030792 -1.102081 -1.178314
-1.982483 -1.930145 -1.902222 -1.904572 -1.933746 -1.986511 -2.063446 -2.178741 -2.364716 -2.601776 -2.791107 -2.879364 -2.893646 -2.866302 -2.801819 -2.713928 -2.623657 -2.532104 -2.467194 -2.482697 -2.565155 -2.622711 -2.609039 -2.529327 -2.353729 -2.046631 -1.72287 -1.596893 -1.704376 -1.910309 -2.131805 -2.360962 -2.454712 -2.607452 -2.708588 -2.733734 -2.627014 -2.387573 -2.137543 -1.94986 -1.783905 -1.643555 -1.531219 -1.444366 -1.380859 -1.349274 -1.326813 -1.288513 -1.241852 -1.187561 -1.121033 -1.045074 -0.998627 -0.946167 -0.90506 -0.8862 -0.890289 -0.916168 -0.966919 -1.046173 -1.130554
-1.614227 -1.569885 -1.518188 -1.532867 -1.595642 -1.692657 -1.822693 -1.983429 -2.181885 -2.407227 -2.601807 -2.733368 -2.817108 -2.872223 -2.904114 -2.906158 -2.85379 -2.742889 -2.6539 -2.695648 -2.845306 -2.947845 -2.922577 -2.787109 -2.523743 -2.089172 -1.63385 -1.454376 -1.602081 -1.876678 -2.139008 -2.38266 -2.580109 -2.661865 -2.769501 -2.791534 -2.663177 -2.379059 -2.087799 -1.886108 -1.72171 -1.587769 -1.486664 -1.414368 -1.359833 -1.33136 -1.309601 -1.269989 -1.218628 -1.159149 -1.090088 -1.012421 -0.958466 -0.892487 -0.835541 -0.809601 -0.817841 -0.852051 -0.908966 -0.994293 -1.085571
-1.382568 -1.32019 -1.247009 -1.265747 -1.349243 -1.47879 -1.65213 -1.852203 -2.065613 -2.287628 -2.488434 -2.648651 -2.776703 -2.887207 -2.988159 -3.058105 -3.042389 -2.933014 -2.837677 -2.893158 -3.072601 -3.18927 -3.142792 -2.959381 -2.63797 -2.134979 -1.61142 -1.39743 -1.552704 -1.849152 -2.119537 -2.386414 -2.589508 -2.727142 -2.792053 -2.80191 -2.65744 -2.338257 -2.014801 -1.805786 -1.649353 -1.526672 -1.438965 -1.381897 -1.336273 -1.309479 -1.285828 -1.241272 -1.179596 -1.110199 -1.037292 -0.985809 -0.912048 -0.836884 -0.769196 -0.739136 -0.752777 -0.795807 -0.858551 -0.94809 -1.044281
-1.328125 -1.183258 -1.166229 -1.175476 -1.257172 -1.398102 -1.596619 -1.824677 -2.059814 -2.298065 -2.510651 -2.673279 -2.798431 -2.916656 -3.042633 -3.14682 -3.168365 -3.09845 -3.031525 -3.085663 -3.237274 -3.318268 -3.233032 -3.010681 -2.670715 -2.180695 -1.678436 -1.458588 -1.57663 -1.828888 -2.062744 -2.329651 -2.519562 -2.652527 -2.719208 -2.655151 -2.579742 -2.240295 -1.899353 -1.692627 -1.553558 -1.449982 -1.38031 -1.341583 -1.306671 -1.281738 -1.254089 -1.199249 -1.117096 -1.028595 -0.949371 -0.916412 -0.843781 -0.76767 -0.698761 -0.670929 -0.693268 -0.746796 -0.81604 -0.908295 -1.007446
-1.437653 -1.285431 -1.258789 -1.243744 -1.301117 -1.43399 -1.642731 -1.890411 -2.153046 -2.424103 -2.652985 -2.795532 -2.877106 -2.961884 -3.074951 -3.18396 -3.241913 -3.242676 -3.23407 -3.276703 -3.354767 -3.359283 -3.219788 -2.963898 -2.634125 -2.218445 -1.807404 -1.607574 -1.659241 -1.82016 -1.983978 -2.214264 -2.376678 -2.500153 -2.572052 -2.513184 -2.262665 -1.91214 -1.737091 -1.543671 -1.434784 -1.362122 -1.319122 -1.305389 -1.284912 -1.261536 -1.226715 -1.156433 -1.04483 -0.929169 -0.841461 -0.821869 -0.755371 -0.685516 -0.624023 -0.604462 -0.63858 -0.704376 -0.780884 -0.874725 -0.975006
-1.637909 -1.485229 -1.410339 -1.402374 -1.424896 -1.538788 -1.747314 -2.005737 -2.292358 -2.596741 -2.840302 -2.95462 -2.979614 -3.016174 -3.100037 -3.198944 -3.286591 -3.361145 -3.415741 -3.442108 -3.43277 -3.34967 -3.155212 -2.873566 -2.567719 -2.248779 -1.954834 -1.788452 -1.769775 -1.826813 -1.942352 -2.075714 -2.200195 -2.30777 -2.382782 -2.332062 -2.084564 -1.735199 -1.474396 -1.349976 -1.312653 -1.273407 -1.256836 -1.266266 -1.258759 -1.235474 -1.192596 -1.107391 -0.968384 -0.827362 -0.786835 -0.718262 -0.66098 -0.601898 -0.553375 -0.545685 -0.592621 -0.670807 -0.753998 -0.847229 -0.946075
