data/T_data20221229_0600+00000.asc
ncols        240
nrows        168
xllcorner    15.288
yllcorner    45.0803
cellsize     0.035701
NODATA_value  -9999
[rows 135 to 161 of 168, columns 61 to 121 of 240]
6.638641 6.663483 6.193939 5.48996 4.765961 4.052643 3.321442 2.33136 1.729156 1.279572 1.061493 1.038727 1.125488 1.305145 1.561676 1.821625 2.068817 2.293365 2.437805 2.485931 2.473114 2.426971 2.349365 2.26712 2.226227 2.226349 2.229095 2.210846 2.173187 2.117126 1.984955 1.87912 1.797028 1.732849 1.681519 1.642487 1.616577 1.600342 1.601166 1.620667 1.60614 1.516968 1.37973 1.238434 1.105621 0.971649 0.846527 0.718658 0.606476 0.549408 0.563202 0.607391 0.64032 0.676422 0.694611 0.66983 0.618439 0.538177 0.425385 0.29538 0.173309
6.917572 6.779114 6.325348 5.486237 4.663727 3.910065 3.172821 2.515442 1.644257 1.24173 1.073395 1.10141 1.232941 1.449615 1.734497 2.007965 2.250031 2.460663 2.600555 2.658295 2.662537 2.638519 2.588287 2.525787 2.476898 2.441772 2.402924 2.351837 2.288177 2.205963 2.092987 1.89032 1.786499 1.709442 1.649994 1.603302 1.569855 1.555573 1.580048 1.641449 1.661285 1.582672 1.442657 1.294678 1.154144 1.008575 0.869568 0.722321 0.589691 0.519958 0.531158 0.576263 0.606598 0.635925 0.650116 0.631683 0.589691 0.513092 0.395111 0.257324 0.133759
7.151154 6.988647 6.467438 5.569824 4.709473 3.941986 3.209351 2.568695 1.75174 1.392914 1.267792 1.336456 1.499756 1.736877 2.031464 2.300995 2.522736 2.705231 2.825531 2.87619 2.880432 2.862946 2.825897 2.77182 2.71048 2.642212 2.565155 2.480988 2.388702 2.279907 2.142181 1.906281 1.784363 1.691925 1.620941 1.56665 1.528442 1.517212 1.559723 1.652069 1.698578 1.63089 1.493439 1.345642 1.205383 1.058197 0.914246 0.757935 0.613953 0.532715 0.532471 0.56604 0.584778 0.600311 0.604828 0.592896 0.563171 0.493988 0.37561 0.234283 0.108948
7.33667 7.170563 6.571655 5.828461 5.011047 4.265778 3.550232 2.934631 2.387726 1.852325 1.762848 1.861816 2.040314 2.27417 2.550079 2.788422 2.9664 3.098358 3.173798 3.187836 3.161896 3.122711 3.07251 3.006866 2.927307 2.834076 2.729126 2.614105 2.489044 2.353394 2.20163 1.958954 1.825531 1.713074 1.623291 1.559723 1.519257 1.509888 1.55722 1.65802 1.714081 1.655762 1.528381 1.391815 1.26535 1.132629 0.999329 0.851257 0.710327 0.618958 0.589752 0.588135 0.579651 0.567444 0.559265 0.554901 0.54245 0.487762 0.377838 0.240753 0.113007
7.486053 7.33667 6.796112 6.188324 5.467194 4.765839 4.077301 3.497375 2.997894 2.617828 2.483459 2.613647 2.80249 3.020477 3.258942 3.445404 3.557831 3.61615 3.622009 3.572815 3.490143 3.405609 3.321869 3.228058 3.121185 3.001007 2.867798 2.717926 2.553802 2.390137 2.234222 2.011017 1.87265 1.735931 1.621155 1.547913 1.509064 1.503021 1.547638 1.642487 1.69809 1.650726 1.542023 1.42807 1.329926 1.229156 1.121857 0.999054 0.874878 0.772736 0.694885 0.631897 0.577362 0.514282 0.491608 0.496368 0.507843 0.475708 0.383423 0.258575 0.12912
7.580536 7.456512 7.008514 6.352203 5.909546 5.266937 4.617157 4.083801 3.643127 3.32016 3.247284 3.402863 3.595123 3.790375 3.985382 4.115234 4.15918 4.141968 4.076019 3.960419 3.817474 3.683594 3.561401 3.435669 3.300873 3.156525 2.997986 2.814148 2.61087 2.419891 2.262604 2.129028 1.923218 1.761475 1.620728 1.538666 1.504089 1.502472 1.540375 1.621552 1.671112 1.634766 1.548096 1.461212 1.396088 1.332397 1.2565 1.165131 1.063263 0.952881 0.824005 0.695282 0.591278 0.472992 0.433838 0.446808 0.4823 0.473389 0.400116 0.28891 0.157379
7.581329 7.476776 7.119232 6.594543 6.169067 5.5914 4.995789 4.52179 4.150818 3.892334 3.808563 4.03891 4.225433 4.397949 4.555603 4.639984 4.631622 4.558685 4.441498 4.280609 4.097443 3.929535 3.779633 3.630402 3.475922 3.315399 3.138916 2.928253 2.691986 2.476166 2.313019 2.186249 1.977966 1.793976 1.631683 1.543121 1.514008 1.517303 1.547882 1.613861 1.655426 1.628387 1.561859 1.498657 1.460449 1.426727 1.376862 1.312256 1.230621 1.116943 0.952881 0.776978 0.636322 0.474243 0.420868 0.43869 0.49118 0.498352 0.437164 0.333832 0.198822
7.442902 7.342743 7.053375 6.634705 6.174347 5.676666 5.154999 4.754974 4.464386 4.27533 4.22229 4.426971 4.587128 4.733978 4.863495 4.92041 4.886353 4.790741 4.658356 4.490601 4.304291 4.131622 3.974945 3.819275 3.660797 3.498138 3.315948 3.090851 2.833344 2.59668 2.416412 2.275055 2.0448 1.843567 1.667389 1.575714 1.553375 1.56192 1.586182 1.638153 1.670898 1.649078 1.596039 1.546997 1.521057 1.499756 1.46228 1.41214 1.34375 1.235382 1.067841 0.883453 0.73288 0.549622 0.487091 0.503815 0.559937 0.569519 0.507782 0.401794 0.261749
7.15448 7.045166 6.808746 6.480896 6.10968 5.626434 5.19928 4.888641 4.693146 4.580536 4.54892 4.62326 4.792511 4.904449 5.006439 5.043976 4.999939 4.90329 4.78006 4.632477 4.469666 4.3125 4.162384 4.011383 3.861969 3.711945 3.537476 3.310028 3.041595 2.787323 2.581085 2.407684 2.138153 1.921051 1.735748 1.644043 1.632324 1.648224 1.663483 1.695343 1.712616 1.690918 1.646454 1.604797 1.580048 1.558563 1.525085 1.484161 1.428528 1.336548 1.19278 1.031769 0.891632 0.701508 0.630951 0.639801 0.687531 0.688507 0.617584 0.502777 0.35733
6.775208 6.646088 6.449615 6.19986 5.911896 5.541992 5.126373 4.906952 4.80835 4.773529 4.76181 4.791504 4.879059 4.957581 5.035522 5.060333 5.016663 4.931641 4.830841 4.71701 4.590454 4.458923 4.323273 4.183746 4.049561 3.917511 3.755829 3.531586 3.257507 2.988037 2.752716 2.540863 2.227173 1.998383 1.808899 1.71933 1.718597 1.741821 1.748535 1.760864 1.762726 1.740417 1.702972 1.665924 1.637054 1.608856 1.573883 1.536774 1.490417 1.417877 1.311005 1.188965 1.005646 0.885162 0.809601 0.808258 0.841827 0.827789 0.740875 0.610901 0.457367
6.392975 6.232208 6.049286 5.844574 5.614777 5.320221 4.931244 4.790131 4.777649 4.815308 4.831146 4.840607 4.859924 4.937286 4.997223 5.014587 4.976501 4.907257 4.830963 4.750763 4.659698 4.554993 4.436859 4.311188 4.191193 4.073059 3.920166 3.697418 3.418091 3.135315 2.87381 2.627258 2.392212 2.044067 1.856354 1.769806 1.776245 1.804443 1.807037 1.80899 1.80368 1.784607 1.756165 1.724243 1.691284 1.655121 1.61557 1.575317 1.53009 1.472107 1.40036 1.318359 1.166016 1.053375 0.977936 0.969269 0.98938 0.958344 0.850128 0.697815 0.530487
6.070435 5.860504 5.644379 5.425873 5.209961 4.963257 4.74057 4.472656 4.536438 4.64801 4.714874 4.757019 4.794342 4.867828 4.914032 4.9263 4.89621 4.842255 4.785797 4.729706 4.663879 4.580963 4.480804 4.368805 4.256378 4.139801 3.984161 3.755402 3.466705 3.171112 2.891083 2.622742 2.373535 2.028198 1.849426 1.765594 1.77066 1.798584 1.805756 1.815277 1.819 1.811829 1.79718 1.773895 1.740448 1.698425 1.651489 1.597961 1.540131 1.4841 1.434418 1.381561 1.261139 1.164825 1.098846 1.091461 1.105469 1.05899 0.922821 0.736938 0.544342
5.799774 5.516174 5.206451 4.900604 4.645721 4.417999 4.24707 4.198792 4.065948 4.261963 4.405945 4.528656 4.629272 4.696503 4.74472 4.751251 4.734528 4.701874 4.667511 4.633331 4.589661 4.529114 4.451324 4.35611 4.248199 4.124847 3.957916 3.717041 3.415588 3.107025 2.812561 2.530304 2.276306 1.950623 1.790436 1.708038 1.70047 1.721039 1.742157 1.779907 1.811249 1.824768 1.828094 1.814178 1.778351 1.725311 1.661621 1.578156 1.488617 1.422729 1.390839 1.368622 1.29599 1.23349 1.192596 1.198822 1.214935 1.151276 0.972626 0.731384 0.492218
5.547516 5.176941 4.740692 4.306183 3.980988 3.751495 3.616943 3.61734 3.508362 3.772766 3.990295 4.202026 4.378784 4.478333 4.516937 4.526123 4.527924 4.519257 4.507904 4.494965 4.472137 4.434174 4.380615 4.302887 4.197052 4.061676 3.878876 3.623993 3.309723 2.989563 2.683502 2.391663 2.138275 1.841553 1.704987 1.624573 1.600739 1.611786 1.651398 1.726196 1.792999 1.831268 1.854736 1.851501 1.814728 1.751129 1.669159 1.550201 1.421967 1.34082 1.322968 1.329132 1.307007 1.282837 1.270966 1.292816 1.311676 1.230133 1.006439 0.706696 0.419586
5.300537 4.857269 4.318268 3.778656 3.390839 3.148102 3.028137 3.052582 3.258759 3.298615 3.555298 3.825073 4.058289 4.194916 4.251312 4.295441 4.32016 4.334412 4.345062 4.353119 4.350433 4.333954 4.302826 4.24057 4.134247 3.984222 3.78418 3.516327 3.192535 2.864166 2.549347 2.250336 1.999054 1.732117 1.619232 1.543518 1.508484 1.513824 1.570801 1.678223 1.776703 1.838654 1.882385 1.89267 1.861481 1.796509 1.704376 1.558472 1.398499 1.303436 1.293427 1.318115 1.33078 1.333618 1.340363 1.368134 1.382599 1.284271 1.027924 0.688629 0.374725
5.035248 4.562195 4.000275 3.442291 3.037262 2.780731 2.649994 2.661224 2.848175 2.925446 3.15567 3.415802 3.660431 3.840759 3.972626 4.103241 4.154694 4.185883 4.215118 4.244293 4.261688 4.264557 4.251617 4.200562 4.090973 3.92511 3.70871 3.431885 3.10434 2.77243 2.450623 2.144104 1.893494 1.649841 1.557648 1.491791 1.458862 1.467499 1.535828 1.659058 1.774994 1.855072 1.918335 1.946625 1.933258 1.884216 1.799713 1.648041 1.476318 1.373749 1.362183 1.387146 1.400055 1.402435 1.402313 1.412811 1.404938 1.290558 1.026581 0.688141 0.392944
4.728943 4.277557 3.791107 3.321777 2.959015 2.697906 2.534851 2.490936 2.586456 2.757446 2.727448 2.914948 3.133881 3.378784 3.65921 3.891937 4.034882 4.073608 4.116058 4.166229 4.203888 4.226105 4.231232 4.190094 4.073761 3.887024 3.650604 3.364716 3.036133 2.702179 2.371277 2.053314 1.801453 1.641998 1.517792 1.46933 1.450012 1.469513 1.544586 1.670593 1.793579 1.890533 1.976746 2.031403 2.050964 2.037537 1.978241 1.838837 1.669586 1.560394 1.531158 1.530853 1.499939 1.468597 1.427948 1.384766 1.321991 1.182526 0.933746 0.640076 0.420746
4.419952 4.020477 3.667328 3.346985 3.056244 2.788696 2.573181 2.443085 2.397797 2.422882 2.281525 2.375763 2.556122 2.87027 3.317322 3.702423 3.909576 3.957062 4.013672 4.085663 4.143646 4.184265 4.205414 4.172028 4.047119 3.838287 3.582214 3.290161 2.965179 2.633514 2.296692 1.969574 1.717682 1.572632 1.483765 1.456177 1.457794 1.493378 1.572662 1.693604 1.817108 1.928558 2.037506 2.121643 2.182007 2.215363 2.191925 2.076508 1.920441 1.807281 1.753906 1.687653 1.622192 1.54248 1.448364 1.340576 1.215149 1.052551 0.833618 0.607117 0.486725
4.196167 3.847168 3.619751 3.434265 3.195557 2.892975 2.598602 2.372101 2.191071 2.079437 2.061981 1.86734 2.019318 2.384552 2.954193 3.452454 3.684814 3.794037 3.873016 3.968842 4.046722 4.102875 4.13501 4.105469 3.972443 3.746002 3.476624 3.185699 2.872253 2.551331 2.219086 1.893738 1.646332 1.510284 1.440948 1.432434 1.459351 1.514801 1.596985 1.708557 1.827545 1.947876 2.073364 2.18277 2.283203 2.364838 2.381317 2.297394 2.163849 2.055054 1.983307 1.868866 1.76593 1.64444 1.508331 1.356049 1.192139 1.023651 0.841919 0.681061 0.642578
4.16098 3.829071 3.657288 3.521576 3.264618 2.863251 2.448578 2.133331 1.877167 1.700836 1.633911 1.655975 1.598724 1.973846 2.560913 3.085693 3.358368 3.543121 3.661133 3.784607 3.88205 3.949127 3.983795 3.952179 3.813629 3.579407 3.308868 3.030609 2.740448 2.443726 2.133759 1.828583 1.592621 1.454254 1.372528 1.375977 1.430115 1.508484 1.593597 1.695618 1.807098 1.927795 2.057709 2.181793 2.313477 2.436218 2.490479 2.442047 2.339905 2.248627 2.177612 2.049591 1.933685 1.797211 1.65451 1.509186 1.363342 1.222443 1.079865 0.960724 0.94751
4.391083 4.032928 3.83017 3.636993 3.263397 2.658478 2.047455 1.645905 1.398163 1.25882 1.210693 1.255035 1.245422 1.585907 2.085297 2.553802 2.867645 3.195526 3.380585 3.541168 3.660248 3.733917 3.761017 3.719635 3.577789 3.346771 3.089233 2.838776 2.587921 2.332123 2.064453 1.798004 1.573822 1.404572 1.247284 1.250092 1.338531 1.450928 1.545868 1.645844 1.753571 1.869659 1.993683 2.124603 2.284119 2.447723 2.544464 2.542145 2.486755 2.430756 2.379883 2.272583 2.167084 2.041656 1.931671 1.857178 1.802765 1.735138 1.638 1.534271 1.47699
5.018829 4.381165 4.0961 3.779755 3.226166 2.345245 1.484467 0.996765 0.812531 0.776672 0.792267 0.898956 1.096466 1.2276 1.58725 1.957123 2.306671 2.650452 3.054962 3.253357 3.393036 3.469269 3.482361 3.426819 3.282928 3.061188 2.824738 2.610687 2.4086 2.204437 1.992645 1.778595 1.57074 1.360962 1.102692 1.100464 1.22702 1.377655 1.48233 1.578552 1.678925 1.784149 1.893768 2.024963 2.209137 2.412201 2.553772 2.604584 2.605835 2.595734 2.576416 2.509003 2.426758 2.326263 2.269104 2.297394 2.371002 2.399872 2.353088 2.254333 2.122314
5.344635 4.888763 4.290863 3.84549 3.12442 2.005493 0.936371 0.384064 0.266907 0.333252 0.417999 0.596832 0.827972 1.07724 1.149628 1.419098 1.785217 2.211639 2.70636 2.932404 3.086395 3.161102 3.157806 3.08728 2.941376 2.729706 2.515411 2.338287 2.185211 2.035309 1.885223 1.73233 1.553894 1.323212 0.996094 0.995758 1.157318 1.337769 1.44046 1.516876 1.595093 1.678802 1.765594 1.889191 2.089264 2.324066 2.505188 2.607086 2.665222 2.702942 2.719147 2.698944 2.645233 2.574615 2.571106 2.696136 2.888824 3.009064 3.012848 2.924713 2.732391
5.346466 4.900116 4.242035 3.715302 2.916412 1.714172 0.577271 0.003235 -0.095581 0.005768 0.129547 0.364258 0.622467 0.821259 0.855652 1.055695 1.404358 1.84021 2.349518 2.582428 2.73996 2.808472 2.790436 2.70755 2.558411 2.352509 2.154877 2.007233 1.894989 1.79483 1.706024 1.619904 1.493683 1.291718 1.077362 1.004639 1.190582 1.380127 1.457306 1.48288 1.511902 1.559235 1.614868 1.72168 1.924713 2.176819 2.384888 2.527191 2.633362 2.712158 2.760803 2.784088 2.756897 2.712189 2.744934 2.925171 3.183624 3.361877 3.412384 3.356903 3.162872
4.918823 4.517242 4.075928 3.294525 2.540253 1.472931 0.468475 -0.071869 -0.226501 -0.187164 -0.062103 0.214874 0.499725 0.668671 0.784637 0.854248 1.132324 1.48587 1.797333 2.130005 2.275024 2.322357 2.276917 2.172333 2.011963 1.805389 1.62085 1.501312 1.431488 1.390442 1.380798 1.388947 1.360962 1.261993 1.146057 1.162842 1.36084 1.528259 1.535065 1.446594 1.374664 1.365387 1.38678 1.473969 1.670074 1.929718 2.157562 2.336761 2.489655 2.610504 2.695374 2.767548 2.769257 2.750153 2.804596 2.999451 3.272095 3.483429 3.59549 3.618256 3.501129
4.200165 3.863678 3.441376 2.660034 2.03952 1.269867 0.546906 0.079987 -0.184235 -0.275452 -0.17218 0.141968 0.456146 0.609161 0.687012 0.801422 0.929047 1.154388 1.362946 1.63736 1.760223 1.779877 1.703094 1.5737 1.398712 1.188263 1.013519 0.918213 0.887878 0.907379 0.983582 1.098541 1.192902 1.238586 1.269073 1.412018 1.614532 1.742065 1.654083 1.417389 1.215485 1.13504 1.115326 1.176544 1.356049 1.613556 1.853607 2.065704 2.263611 2.426178 2.549896 2.675659 2.709198 2.717407 2.786713 2.973724 3.230377 3.457611 3.633698 3.753143 3.750763
3.445099 3.176727 2.787506 2.301025 1.588776 1.15097 0.734344 0.344635 -0.040375 -0.277679 -0.211639 0.117401 0.44516 0.587341 0.646515 0.717743 0.780548 0.886322 0.999359 1.216888 1.319489 1.321411 1.230377 1.091705 0.91037 0.697571 0.529083 0.448181 0.441925 0.503723 0.644409 0.843842 1.045319 1.230621 1.408173 1.677002 1.882141 1.971649 1.802155 1.438904 1.121277 0.965149 0.889221 0.907867 1.05603 1.296021 1.534271 1.765076 1.995514 2.189728 2.408051 2.517731 2.581146 2.615936 2.695374 2.862457 3.085663 3.308807 3.525299 3.718597 3.822296
