data/T_data20221229_0600+00000.asc
ncols        240
nrows        168
xllcorner    15.288
yllcorner    45.0803
cellsize     0.035701
NODATA_value  -9999
[rows 54 to 80 of 168, columns 0 to 60 of 240]
0.869049 0.531708 0.145874 -0.162018 -0.332642 -0.368195 -0.209381 0.178528 0.879059 1.175476 1.32489 1.397491 1.418457 1.404297 1.302429 1.08075 0.735718 0.293274 -0.25824 -0.93103 -1.513916 -1.966522 -2.226288 -2.431458 -2.589874 -2.701874 -2.785278 -2.830902 -2.856659 -2.880981 -2.896027 -2.897949 -2.897064 -2.879944 -2.791382 -2.622437 -2.385468 -2.044434 -1.533203 -1.070251 -0.936951 -1.098694 -1.235443 -1.136414 -0.919159 -0.653442 -0.295624 0.083679 0.286682 0.269379 0.202759 0.156952 0.198334 0.290009 0.413086 0.568848 0.723602 0.888153 0.968933 0.954224 0.752533
1.079712 0.829193 0.627411 0.479218 0.397858 0.404083 0.576813 0.950867 1.828369 1.970062 1.925201 1.738495 1.577454 1.455383 1.292999 1.03653 0.693695 0.25708 -0.320099 -1.031494 -1.649628 -2.033234 -2.31839 -2.528656 -2.654907 -2.719452 -2.763275 -2.769989 -2.763672 -2.770325 -2.777924 -2.784515 -2.815033 -2.844635 -2.777985 -2.590302 -2.323883 -1.933014 -1.472809 -1.070709 -0.972443 -1.150177 -1.275696 -1.129395 -0.844635 -0.536163 -0.173981 0.008759 0.2883 0.368622 0.305328 0.262299 0.300781 0.386444 0.504883 0.656952 0.810577 0.985535 1.0896 1.104919 0.944672
1.364868 1.209381 1.274567 1.371552 1.452972 1.570892 1.646271 1.981171 3.202728 3.365387 2.993378 2.397003 1.947845 1.65799 1.392059 1.078247 0.737885 0.318817 -0.266388 -0.984558 -1.602325 -1.915009 -2.196381 -2.396149 -2.495056 -2.530823 -2.558807 -2.557281 -2.554535 -2.582581 -2.626678 -2.672821 -2.753418 -2.832977 -2.77475 -2.521942 -2.181671 -1.765839 -1.438995 -1.180634 -1.138458 -1.307526 -1.381012 -1.135376 -0.720734 -0.5289 -0.164093 0.163879 0.403046 0.47821 0.433624 0.400879 0.426941 0.489838 0.592712 0.738617 0.89444 1.034729 1.216461 1.281586 1.216583
1.660431 1.611694 1.96701 2.187775 2.481873 2.743713 3.023163 3.447174 4.666626 4.721954 4.037201 3.053253 2.333649 1.872986 1.497253 1.130127 0.805176 0.41922 -0.148926 -0.840546 -1.427399 -1.666473 -1.925873 -2.106445 -2.183563 -2.204926 -2.233978 -2.245453 -2.269012 -2.34024 -2.442963 -2.545227 -2.684418 -2.813721 -2.756531 -2.41745 -1.986572 -1.581482 -1.413544 -1.318634 -1.333221 -1.482025 -1.488922 -1.308685 -0.848602 -0.33786 0.051117 0.3284 0.516876 0.588837 0.571411 0.553009 0.562775 0.596375 0.679535 0.818054 0.97702 1.133209 1.341003 1.461243 1.509369
2.077972 1.699585 2.156219 2.829498 3.282684 3.687805 4.07663 4.580841 5.51239 5.495789 4.623535 3.416992 2.540344 1.959137 1.501251 1.111176 0.823639 0.492401 -0.023346 -0.64502 -1.166748 -1.515228 -1.555206 -1.713287 -1.775787 -1.795929 -1.838715 -1.878632 -1.940674 -2.059204 -2.218658 -2.37265 -2.562347 -2.730133 -2.673492 -2.269104 -1.776276 -1.497589 -1.371063 -1.39859 -1.45575 -1.521332 -1.563416 -1.313568 -0.752136 -0.158966 0.240936 0.470001 0.615082 0.687714 0.697906 0.694427 0.690887 0.699677 0.76593 0.897827 1.059326 1.228638 1.452362 1.615417 1.754211
2.231659 1.855438 2.343323 3.050995 3.530457 3.972321 4.390961 4.912964 5.300842 5.262573 4.428436 3.280945 2.427155 1.806763 1.316528 0.952209 0.73175 0.483368 0.0672 -0.430847 -0.851288 -1.141235 -1.043121 -1.18161 -1.243622 -1.282379 -1.358551 -1.44931 -1.563568 -1.72464 -1.923096 -2.111237 -2.33252 -2.522247 -2.477264 -2.07077 -1.584503 -1.349823 -1.287781 -1.322266 -1.392853 -1.49408 -1.523163 -1.24411 -0.645569 -0.028961 0.363373 0.562347 0.684937 0.761993 0.793152 0.80307 0.796021 0.794464 0.853119 0.980743 1.141998 1.317169 1.503326 1.723724 1.908417
2.353271 1.962677 2.313263 2.85495 3.219147 3.574127 3.922089 4.370697 4.788177 4.251465 3.648773 2.800354 2.102203 1.485016 0.982086 0.682617 0.563629 0.440552 0.196075 -0.096405 -0.359375 -0.567017 -0.362152 -0.480743 -0.555634 -0.632812 -0.763763 -0.931549 -1.115173 -1.315125 -1.534912 -1.740143 -1.973297 -2.170135 -2.154144 -1.819824 -1.618256 -1.325195 -1.180969 -1.204254 -1.26712 -1.369995 -1.398712 -1.119904 -0.529846 0.068176 0.437561 0.615448 0.727448 0.811218 0.859863 0.883484 0.881622 0.881653 0.94046 1.065979 1.223969 1.395569 1.579132 1.791168 1.985443
2.390839 1.966034 2.085602 2.357086 2.530243 2.72699 2.942841 3.254883 3.555756 2.853455 2.566742 2.110413 1.621063 1.03772 0.548462 0.340698 0.340088 0.36496 0.336456 0.297882 0.227386 0.125763 0.358856 0.267059 0.176819 0.056091 -0.134827 -0.386444 -0.64209 -0.876648 -1.108185 -1.319427 -1.545929 -1.734528 -1.744904 -1.645569 -1.397186 -1.193329 -1.058563 -1.045013 -1.084198 -1.185822 -1.220184 -0.959869 -0.408356 0.144318 0.482361 0.645752 0.754669 0.846344 0.910553 0.948425 0.957001 0.965454 1.028412 1.152618 1.305206 1.467499 1.639252 1.817291 2.0271
2.224976 1.764374 1.65329 1.658234 1.641571 1.674347 1.752075 1.919647 2.106995 1.439514 1.431244 1.315948 1.016663 0.49704 0.059052 -0.046814 0.065399 0.231598 0.416779 0.625214 0.742584 0.75415 0.706207 0.87793 0.779144 0.624725 0.388489 0.072784 -0.236969 -0.500061 -0.621613 -0.848602 -1.054016 -1.233734 -1.336639 -1.306091 -1.174774 -1.052765 -0.909058 -0.858978 -0.874908 -0.973114 -1.013306 -0.780914 -0.285095 0.20871 0.513092 0.667694 0.778717 0.878754 0.956543 1.008026 1.029327 1.049316 1.117767 1.239899 1.385773 1.538177 1.69751 1.864288 2.074982
1.717133 1.242279 0.969177 0.790436 0.6474 0.570953 0.558197 0.63382 0.75415 0.23172 0.370575 0.440399 0.278625 -0.130341 -0.462555 -0.467804 -0.268646 0.003784 0.355225 0.750519 1.016235 1.135406 1.162872 1.243683 1.148529 0.977997 0.722412 0.55014 0.209076 -0.106232 -0.387054 -0.626526 -0.807129 -0.933624 -1.00589 -1.008148 -0.951874 -0.882111 -0.716187 -0.648956 -0.653473 -0.746277 -0.788849 -0.588837 -0.159241 0.268829 0.540955 0.692841 0.810181 0.918793 1.008118 1.071625 1.105164 1.136353 1.209106 1.327301 1.466553 1.613617 1.768738 1.932007 2.150543
0.834686 0.36087 -0.024536 -0.321167 -0.532867 -0.662872 -0.712067 -0.661835 -0.549988 -0.429657 -0.889679 -0.727631 -0.755219 -0.973358 -1.124146 -1.021667 -0.760101 -0.410278 0.069031 0.60376 0.990326 1.223022 1.344513 1.373901 1.356293 1.229767 1.017944 0.720581 0.376343 0.036835 -0.288391 -0.552917 -0.697266 -0.740814 -0.748505 -0.743378 -0.716187 -0.666382 -0.590698 -0.382172 -0.374268 -0.455048 -0.49942 -0.351013 -0.022217 0.314087 0.550171 0.709869 0.842041 0.959625 1.057831 1.133209 1.182739 1.229034 1.305786 1.415985 1.546173 1.692169 1.852478 2.02066 2.195282
-0.246368 -0.7229 -1.204132 -1.593414 -1.854218 -2.017853 -2.080536 -2.021759 -1.887604 -1.736298 -2.173584 -1.973633 -1.874298 -1.873566 -1.821075 -1.621246 -1.31958 -0.915741 -0.340302 0.296997 0.540314 0.957642 1.244354 1.361664 1.375397 1.256775 1.055908 0.778595 0.448761 0.091095 -0.283386 -0.573883 -0.66983 -0.609711 -0.531525 -0.495453 -0.470642 -0.420685 -0.33194 -0.101562 -0.080963 -0.147217 -0.193695 -0.104523 0.111115 0.348083 0.549744 0.723663 0.874634 1.000793 1.105865 1.192688 1.260223 1.323883 1.404663 1.504944 1.625153 1.772491 1.942719 2.118591 2.293274
-1.265717 -1.749969 -2.300903 -2.753265 -3.052032 -3.242096 -3.311737 -3.233429 -3.070709 -2.901459 -3.224121 -3.010834 -2.808868 -2.620453 -2.398682 -2.125153 -1.961578 -1.578827 -1.042908 -0.378082 0.246307 0.741547 1.114899 1.267365 1.2883 1.163605 0.971802 0.723724 0.422974 0.063934 -0.339508 -0.636658 -0.674957 -0.512115 -0.349854 -0.276672 -0.242096 -0.183502 -0.081421 0.140503 0.168732 0.113342 0.063965 0.102966 0.224579 0.381012 0.556976 0.74472 0.912323 1.046234 1.157654 1.2547 1.337799 1.416138 1.500336 1.592621 1.705902 1.857483 2.039764 2.224213 2.398712
-2.042603 -2.522797 -3.09433 -3.566742 -3.889496 -4.101715 -4.175751 -4.07901 -3.892853 -3.71106 -3.898956 -3.681458 -3.435944 -3.163177 -2.864594 -2.550262 -2.218109 -1.816711 -1.264679 -0.588959 0.046478 0.567596 0.975525 1.124359 1.108978 0.948761 0.754211 0.539093 0.282562 -0.047638 -0.435211 -0.701691 -0.675995 -0.430328 -0.20462 -0.101776 -0.056793 0.008759 0.116791 0.219147 0.32196 0.265961 0.212341 0.227325 0.305206 0.424286 0.588165 0.78244 0.958954 1.099945 1.218994 1.3237 1.414886 1.500641 1.587616 1.677948 1.790955 1.949615 2.143707 2.33609 2.510712
-2.605316 -3.05014 -3.570465 -4.005219 -4.327179 -4.54837 -4.58078 -4.550812 -4.380646 -4.171875 -4.027283 -3.786926 -3.517975 -3.218536 -2.890137 -2.542206 -2.174561 -1.751617 -1.210236 -0.575104 0.011078 0.490326 0.85965 0.920502 0.822296 0.593292 0.381592 0.203094 0.007202 -0.260101 -0.580597 -0.774689 -0.678162 -0.370544 -0.101715 0.025085 0.081635 0.150604 0.25296 0.342773 0.390533 0.315704 0.251282 0.267059 0.35257 0.477478 0.641602 0.83371 1.011902 1.161469 1.291718 1.402557 1.493805 1.579254 1.669403 1.766083 1.887909 2.058441 2.26535 2.465607 2.640717
-2.857697 -3.224365 -3.623871 -4.010101 -4.336426 -4.590973 -4.715057 -4.64798 -4.433716 -4.188812 -3.87796 -3.615875 -3.338409 -3.044647 -2.72226 -2.358734 -1.955933 -1.515961 -1.009064 -0.454285 0.039032 0.430176 0.71109 0.798767 0.429596 0.118744 -0.112305 -0.246857 -0.368164 -0.548401 -0.768066 -0.864014 -0.693939 -0.338776 -0.038666 0.111664 0.184174 0.255341 0.342926 0.408325 0.403107 0.302887 0.227966 0.26123 0.383911 0.538116 0.708893 0.894592 1.070862 1.229523 1.371826 1.486664 1.572357 1.65271 1.746796 1.855896 1.993011 2.179474 2.40152 2.61084 2.787018
-3.15213 -3.479218 -3.789886 -4.07962 -4.345337 -4.569672 -4.662384 -4.5513 -4.291351 -4.010712 -3.618011 -3.341248 -3.066925 -2.795746 -2.498627 -2.137939 -1.718384 -1.281647 -0.832733 -0.381989 0.000946 0.292999 0.478119 0.465271 -0.039215 -0.412567 -0.645935 -0.723907 -0.761505 -0.844635 -0.952698 -0.946564 -0.710388 -0.322296 -0.002655 0.166595 0.253815 0.325134 0.394012 0.431976 0.384979 0.26651 0.189392 0.248383 0.416077 0.605072 0.784821 0.964386 1.137909 1.303619 1.454559 1.569366 1.645447 1.717896 1.815796 1.939209 2.09317 2.29538 2.530975 2.748322 2.926239
-3.298798 -3.586548 -3.836121 -4.060577 -4.276886 -4.465118 -4.522491 -4.37561 -4.086029 -3.785004 -3.508148 -3.122772 -2.862335 -2.61795 -2.352814 -2.017853 -1.619537 -1.221802 -0.851959 -0.511078 -0.228577 -0.01004 0.114105 0.035889 -0.593384 -0.979065 -1.175629 -1.172089 -1.113129 -1.096222 -1.098297 -1.001831 -0.714294 -0.308929 0.017365 0.195282 0.289398 0.357361 0.409149 0.425629 0.371735 0.242767 0.179108 0.263367 0.462799 0.675659 0.864227 1.042877 1.215302 1.383026 1.535065 1.644318 1.708344 1.771515 1.871704 2.007446 2.175415 2.388885 2.632721 2.85498 3.0354
-3.270569 -3.522369 -3.744995 -3.939758 -4.117645 -4.262024 -4.282532 -4.115479 -3.822327 -3.527039 -3.259766 -2.877258 -2.658691 -2.465485 -2.26297 -2.006439 -1.702972 -1.416016 -1.181915 -0.986542 -0.804291 -0.618927 -0.492157 -0.569977 -1.283905 -1.629639 -1.742889 -1.620819 -1.43985 -1.310455 -1.206665 -1.0289 -0.704803 -0.299652 0.017609 0.190247 0.27951 0.338715 0.375397 0.378967 0.324982 0.201141 0.170074 0.285278 0.511566 0.744568 0.946106 1.131958 1.306 1.469818 1.613098 1.708649 1.755127 1.805267 1.904877 2.050079 2.228058 2.446747 2.692169 2.916351 3.102386
-3.095154 -3.312286 -3.524506 -3.704681 -3.843903 -3.934326 -3.914886 -3.738434 -3.460999 -3.191772 -2.954376 -2.588776 -2.427399 -2.302582 -2.186218 -2.045349 -1.8862 -1.761292 -1.713165 -1.706421 -1.644623 -1.483307 -1.326385 -1.372406 -1.669647 -2.317535 -2.324127 -2.06601 -1.751038 -1.501831 -1.290344 -1.036896 -0.689026 -0.300385 -0.006012 0.15033 0.225952 0.271515 0.293274 0.289276 0.247253 0.150574 0.162262 0.312012 0.564178 0.816803 1.03418 1.231049 1.406952 1.562225 1.690155 1.7659 1.789581 1.822662 1.919403 2.07309 2.259308 2.47876 2.720551 2.94516 3.048187
-2.857666 -3.040039 -3.244507 -3.411957 -3.512115 -3.548553 -3.492645 -3.314484 -3.062042 -2.826447 -2.625397 -2.311066 -2.209686 -2.157898 -2.132721 -2.111969 -2.1008 -2.137909 -2.267487 -2.434601 -2.480133 -2.336884 -2.148407 -2.156769 -2.40863 -2.870758 -2.782135 -2.413971 -1.992828 -1.644745 -1.34201 -1.028259 -0.670227 -0.307953 -0.042175 0.095215 0.156494 0.188995 0.198029 0.19101 0.168182 0.137146 0.180084 0.361877 0.634247 0.901459 1.132019 1.338013 1.513031 1.655853 1.764984 1.81955 1.821381 1.838593 1.932709 2.093445 2.185059 2.38501 2.617523 2.852203 3.059967
-2.625824 -2.771881 -2.962494 -3.113953 -3.182281 -3.180023 -3.102234 -2.932037 -2.708984 -2.506622 -2.337738 -2.095032 -2.044647 -2.058258 -2.108795 -2.177765 -2.271088 -2.417297 -2.657867 -2.927216 -3.03775 -2.914886 -2.719452 -2.707245 -2.917755 -3.128448 -2.986176 -2.574799 -2.112152 -1.712769 -1.353638 -1.004944 -0.650604 -0.31778 -0.077728 0.04718 0.102448 0.128998 0.131531 0.127106 0.127289 0.137878 0.246796 0.451874 0.734619 1.007172 1.242218 1.449738 1.618744 1.746552 1.836884 1.872681 1.875 1.846313 1.890839 2.033356 2.22287 2.420105 2.6409 2.861847 3.063995
-2.384064 -2.488373 -2.659698 -2.795898 -2.846954 -2.831512 -2.756989 -2.614319 -2.433533 -2.267273 -2.124481 -2.021545 -1.947052 -2.027191 -2.139313 -2.257294 -2.38974 -2.556671 -2.789307 -3.035065 -3.138824 -3.038849 -2.874573 -2.865997 -3.040375 -3.165009 -2.893585 -2.517365 -2.089752 -1.695587 -1.322205 -0.969574 -0.635712 -0.335846 -0.116791 0.006683 0.069733 0.101898 0.107208 0.11322 0.141571 0.195099 0.370697 0.591583 0.872833 1.018707 1.259735 1.477203 1.658203 1.788147 1.875549 1.930511 1.924683 1.894836 1.941132 2.088562 2.281128 2.47226 2.677612 2.879547 3.065247
-2.115814 -2.175568 -2.324371 -2.44693 -2.491852 -2.482208 -2.431244 -2.335052 -2.21167 -2.08783 -1.969116 -1.893646 -1.890015 -2.040283 -2.207947 -2.353729 -2.488373 -2.61853 -2.756378 -2.882538 -2.923798 -2.846161 -2.733795 -2.730988 -2.851471 -2.922485 -2.588348 -2.301483 -1.961182 -1.611725 -1.255524 -0.923431 -0.625061 -0.363068 -0.162689 -0.032501 0.049347 0.09671 0.113281 0.11554 0.159821 0.242218 0.437256 0.632721 0.899658 1.175934 1.404633 1.609375 1.774445 1.882751 1.944916 1.983124 1.974731 1.95163 2.00415 2.156616 2.349792 2.531128 2.71701 2.89444 3.055237
-1.875946 -1.900452 -2.02243 -2.127045 -2.167206 -2.167389 -2.142059 -2.090607 -2.020538 -1.935852 -1.839844 -1.79126 -1.842133 -2.053314 -2.262878 -2.419525 -2.535553 -2.602325 -2.612762 -2.58844 -2.549286 -2.489319 -2.427612 -2.425079 -2.485809 -2.508881 -2.201324 -2.023102 -1.786102 -1.656433 -1.332367 -1.003113 -0.728058 -0.484772 -0.277161 -0.115326 0.003113 0.092621 0.136322 0.158752 0.231262 0.359924 0.614227 0.827606 1.085846 1.342651 1.556 1.744843 1.892059 1.977386 2.014313 2.037415 2.030609 2.018951 2.079498 2.235535 2.426331 2.594604 2.757202 2.905609 3.034882
-1.726715 -1.735687 -1.824738 -1.901703 -1.930695 -1.932281 -1.917175 -1.885895 -1.843475 -1.783966 -1.709595 -1.68869 -1.769806 -2.02005 -2.25238 -2.409088 -2.503052 -2.513641 -2.420898 -2.27774 -2.20697 -2.136627 -2.094543 -2.066681 -2.070251 -2.086517 -1.87619 -1.820465 -1.71582 -1.52298 -1.226837 -0.916962 -0.67099 -0.460144 -0.274536 -0.112396 0.023193 0.132996 0.193634 0.237152 0.336823 0.503937 0.706024 1.021179 1.268616 1.50647 1.705078 1.878784 2.009155 2.073669 2.08905 2.100311 2.097626 2.098785 2.166595 2.323975 2.508606 2.660461 2.796875 2.913086 3.006104
-1.682343 -1.703125 -1.743988 -1.777252 -1.785706 -1.776978 -1.750061 -1.731415 -1.677765 -1.633759 -1.578003 -1.534821 -1.535522 -1.771271 -2.048157 -2.224945 -2.332733 -2.368988 -2.293274 -2.102539 -1.920624 -1.827057 -1.775421 -1.741547 -1.725372 -1.720795 -1.532684 -1.563507 -1.554718 -1.413422 -1.132721 -0.830231 -0.599609 -0.404022 -0.227478 -0.063202 0.083649 0.209442 0.290741 0.360016 0.484161 0.6763 0.898102 1.220581 1.453796 1.672821 1.856201 2.015289 2.130493 2.17688 2.174622 2.177979 2.182526 2.197754 2.272125 2.427826 2.602692 2.734039 2.84021 2.920105 2.971619
